7.605885  0.000727  0.001090  
0.006641  0.003093  0.000038  
8.203718  0.017528  0.001091  
15.294062  0.004430  0.005463  
6.788488  0.094995  0.000124  
0.061227  0.007543  0.000338  
8.473570  0.210477  0.000343  
14.581905  0.024868  0.017898  
5.942999  0.152130  0.003182  
0.155458  0.026425  0.004271  
8.637378  0.240139  0.000017  
13.511294  0.003714  0.047744  
4.870096  0.371602  0.033183  
0.289271  0.051949  0.012967  
8.257876  0.492801  0.003451  
12.045745  0.093349  0.062336  
4.008886  0.354942  0.046359  
0.402985  0.094917  0.031219  
7.876714  0.362430  0.000480  
10.482071  0.042100  0.083962  
3.011380  0.423942  0.081994  
0.532951  0.112789  0.037525  
6.982968  0.465147  0.000578  
8.713681  0.143799  0.055836  
2.325091  0.300276  0.056585  
0.568206  0.119709  0.035924  
6.161333  0.253717  0.001283  
7.128677  0.050225  0.062072  
1.657158  0.275882  0.059762  
0.586412  0.081050  0.021148  
5.040007  0.291758  0.001682  
5.604901  0.085014  0.045068  
1.272122  0.189267  0.035477  
0.494252  0.053887  0.013029  
4.086424  0.164387  0.000523  
4.401109  0.013017  0.053483  
0.950675  0.192207  0.041189  
0.388194  0.019725  0.006612  
3.074284  0.212294  0.007674  
3.393533  0.020952  0.045641  
0.810235  0.154185  0.021466  
0.245123  0.008379  0.002512  
2.315891  0.144801  0.005064  
2.655875  0.000045  0.043593  
0.697330  0.169497  0.023576  
0.128257  0.000776  0.000353  
1.619420  0.174613  0.016728  
2.097301  0.001551  0.038928  
0.692708  0.131023  0.006979  
0.042970  0.000031  0.000421  
1.153920  0.124784  0.013139  
1.697551  0.004706  0.032412  
0.684524  0.134863  0.008138  
0.003545  0.002655  0.002611  
0.761835  0.124079  0.025242  
1.416627  0.001769  0.028792  
0.739954  0.087727  0.000309  
0.005374  0.007910  0.005825  
0.523973  0.085618  0.020136  
1.200711  0.019511  0.018694  
0.769814  0.088805  0.000242  
0.041059  0.017037  0.011575  
0.329820  0.073476  0.023716  
1.055942  0.014680  0.015416  
0.834217  0.045845  0.002538  
0.089023  0.027467  0.016417  
0.222270  0.047648  0.019182  
0.919836  0.043527  0.005245  
0.858287  0.046986  0.002691  
0.153883  0.040483  0.020970  
0.132582  0.036147  0.015008  
0.830713  0.036138  0.002704  
0.884270  0.018067  0.011873  
0.199123  0.049421  0.023285  
0.085342  0.020957  0.012139  
0.713765  0.063996  0.000013  
0.870869  0.019862  0.013545  
0.258078  0.057628  0.022551  
0.043595  0.012019  0.005381  
0.630369  0.048821  0.000123  
0.845437  0.003116  0.020251  
0.277973  0.061354  0.018252  
0.022094  0.003690  0.002434  
0.518855  0.067646  0.004524  
0.787386  0.003870  0.024450  
0.317333  0.055469  0.010433  
0.006157  0.000549  0.000017  
0.439996  0.052856  0.006733  
0.740715  0.000519  0.021612  
0.327919  0.064354  0.008336  
0.000321  0.000308  0.000093  
0.334119  0.064004  0.013730  
0.664235  0.000414  0.026515  
0.356618  0.047217  0.002388  
0.002324  0.003348  0.003449  
0.264101  0.047170  0.016884  
0.591301  0.008492  0.013236  
0.353203  0.051331  0.000399  
0.012525  0.008984  0.006853  
0.179819  0.043629  0.018725  
0.521778  0.009248  0.013269  
0.374279  0.027048  0.002395  
0.029447  0.015853  0.016300  
0.130378  0.032427  0.022954  
0.461519  0.022591  0.002738  
0.383508  0.034748  0.004175  
0.058132  0.027838  0.026472  
0.075962  0.027140  0.018235  
0.409315  0.026259  0.003526  
0.400234  0.011466  0.018421  
0.082302  0.034646  0.027178  
0.045916  0.015385  0.019113  
0.348307  0.035732  0.000279  
0.403795  0.014995  0.014738  
0.121725  0.040857  0.032002  
0.019002  0.009311  0.007975  
0.297303  0.036354  0.000106  
0.401429  0.001618  0.027816  
0.143406  0.043046  0.024030  
0.006564  0.002164  0.004343  
0.243342  0.041744  0.007357  
0.394139  0.002038  0.024698  
0.182296  0.044017  0.018477  
0.000524  0.000140  0.000108  
0.206358  0.041284  0.011297  
0.379812  0.001195  0.032588  
0.196724  0.044968  0.009650  
0.000850  0.001039  0.001892  
0.163621  0.039493  0.037709  
0.369524  0.001166  0.038189  
0.234006  0.042397  0.006703  
0.006424  0.003771  0.015071  
0.132936  0.040016  0.044028  
0.344338  0.014123  0.058739  
0.240985  0.047592  0.001381  
0.015850  0.009808  0.014642  
0.099790  0.032703  0.091397  
0.333352  0.012909  0.041961  
0.271549  0.034353  0.001673  
0.030440  0.014378  0.046554  
0.069713  0.028474  0.058078  
0.282980  0.031911  0.048215  
0.262384  0.032647  0.001735  
0.044578  0.022062  0.029335  
0.044488  0.017604  0.079459  
0.261327  0.026590  0.015110  
0.274162  0.014214  0.005320  
0.062598  0.027217  0.068905  
0.024998  0.011763  0.047318  
0.212057  0.042216  0.008639  
0.263886  0.012532  0.022839  
0.084209  0.037921  0.061358  
0.010896  0.004938  0.052422  
0.189500  0.037833  0.002010  
0.266510  0.001471  0.030486  
0.102536  0.040552  0.069922  
0.002631  0.001443  0.023355  
0.147073  0.049808  0.000230  
0.257252  0.001645  0.034485  
0.128449  0.044359  0.028130  
0.000002  0.000005  0.000596  
0.125055  0.041479  0.021129  
0.245633  0.001807  0.052292  
0.138580  0.042704  0.007753  
0.002523  0.002455  0.030706  
0.092331  0.036545  0.146622  
0.231985  0.001533  0.144448  
0.165306  0.036589  0.005364  
0.008955  0.005679  0.134115  
0.076132  0.040905  0.424619  
0.215125  0.022482  0.387698  
0.174842  0.034655  0.033145  
0.019892  0.022697  0.186611  
0.054005  0.023511  0.823590  
0.206649  0.014694  0.856099  
0.205706  0.036545  0.155923  
0.031361  0.030440  0.166411  
0.041610  0.043239  1.045806  
0.186530  0.069287  1.287326  
0.215304  0.025859  0.376933  
0.049596  0.053639  0.065044  
0.024717  0.017076  1.051119  
0.178095  0.037384  1.519934  
0.234025  0.030126  0.544431  
0.061030  0.065429  0.017770  
0.014428  0.028427  0.796117  
0.149828  0.100870  1.310813  
0.231947  0.011390  0.577532  
0.082206  0.071093  0.000736  
0.005375  0.005839  0.571641  
0.135000  0.055967  1.012675  
0.227788  0.008784  0.410168  
0.091476  0.080257  0.000944  
0.000971  0.006698  0.380312  
0.104007  0.100667  0.633582  
0.217481  0.000708  0.257757  
0.113235  0.077350  0.002846  
0.000113  0.000138  0.305078  
0.088344  0.063741  0.456979  
0.204714  0.000077  0.123116  
0.119037  0.083048  0.018278  
0.003029  0.000153  0.262321  
0.063225  0.091063  0.279268  
0.193307  0.002542  0.057235  
0.144040  0.076451  0.034917  
0.008248  0.008315  0.231901  
0.048167  0.053880  0.224197  
0.175118  0.008043  0.022069  
0.143318  0.060194  0.050126  
0.018007  0.008506  0.200493  
0.029653  0.058569  0.129552  
0.163989  0.019034  0.004227  
0.163950  0.044689  0.071083  
0.025782  0.036879  0.171603  
0.019791  0.026335  0.092577  
0.141789  0.041877  0.000409  
0.164656  0.028404  0.093246  
0.041168  0.041889  0.161962  
0.009677  0.029751  0.039352  
0.134142  0.065138  0.011292  
0.180706  0.024692  0.107344  
0.051654  0.096871  0.109698  
0.004035  0.013658  0.020292  
0.106847  0.103907  0.021249  
0.177095  0.012850  0.102492  
0.072784  0.092484  0.089512  
0.000472  0.012898  0.003550  
0.097689  0.108295  0.038041  
0.177362  0.009285  0.079495  
0.079802  0.131886  0.042423  
0.000180  0.005473  0.000109  
0.071706  0.125428  0.039412  
0.171182  0.004802  0.065614  
0.103188  0.092496  0.026600  
0.002763  0.002607  0.003522  
0.061591  0.076440  0.057582  
0.163583  0.000097  0.041508  
0.108467  0.071156  0.006405  
0.007861  0.001085  0.011590  
0.042331  0.046169  0.043538  
0.155635  0.009170  0.030003  
0.126152  0.020877  0.000817  
0.014149  0.032555  0.017083  
0.030274  0.009063  0.050167  
0.133446  0.084062  0.017719  
0.130231  0.006139  0.000120  
0.026840  0.153924  0.033679  
0.018036  0.002144  0.036712  
0.131971  0.283373  0.007694  
0.140779  0.000713  0.002667  
0.030863  0.471700  0.020060  
0.009003  0.001405  0.036391  
0.096201  0.704026  0.010287  
0.143159  0.009256  0.002966  
0.058682  0.929895  0.048145  
0.002913  0.023270  0.023447  
0.110161  1.242171  0.000640  
0.160016  0.055505  0.006566  
0.054716  1.555894  0.012913  
0.000553  0.110519  0.031495  
0.066807  1.852873  0.006243  
0.153980  0.222346  0.007766  
0.102067  2.008689  0.058813  
0.000796  0.339274  0.009632  
0.092046  2.237452  0.000534  
0.189396  0.507455  0.007006  
0.088189  2.372748  0.007253  
0.001542  0.674747  0.023030  
0.047920  2.428749  0.003162  
0.164168  0.889163  0.013200  
0.149556  2.325037  0.039671  
0.012335  1.053277  0.000862  
0.067651  2.269503  0.005262  
0.203361  1.193987  0.000670  
0.124464  2.181074  0.000770  
0.009935  1.326067  0.004125  
0.030736  1.984753  0.001348  
0.159978  1.381156  0.008400  
0.185415  1.760382  0.006486  
0.033904  1.382573  0.002326  
0.038531  1.564099  0.008347  
0.186022  1.299858  0.003195  
0.152287  1.432165  0.002200  
0.027066  1.269380  0.000255  
0.013822  1.225207  0.001084  
0.137778  1.128016  0.000621  
0.201019  1.077085  0.000666  
0.058772  0.980776  0.006479  
0.014207  0.942774  0.003666  
0.146709  0.809265  0.012741  
0.163961  0.891216  0.008209  
0.052165  0.721961  0.001446  
0.002305  0.778657  0.004593  
0.106677  0.574677  0.001758  
0.200722  0.732935  0.005211  
0.084245  0.456786  0.003465  
0.001702  0.682260  0.000014  
0.102221  0.345470  0.021256  
0.163151  0.676939  0.010015  
0.081275  0.302934  0.000658  
0.000722  0.615284  0.009611  
0.073210  0.227212  0.005621  
0.188090  0.592960  0.002049  
0.109398  0.169519  0.000007  
0.001302  0.567855  0.001011  
0.062791  0.115824  0.015796  
0.150245  0.572653  0.001858  
0.109482  0.098351  0.001961  
0.009853  0.512686  0.021822  
0.043169  0.067799  0.009451  
0.168701  0.480814  0.000075  
0.132070  0.040287  0.005220  
0.011770  0.466618  0.010537  
0.032628  0.021390  0.018542  
0.135347  0.447195  0.000898  
0.134639  0.016951  0.004358  
0.026843  0.381161  0.025311  
0.019992  0.007669  0.007732  
0.140874  0.353580  0.001678  
0.146997  0.001310  0.006136  
0.029271  0.353911  0.003711  
0.011695  0.000125  0.000285  
0.108003  0.334804  0.004505  
0.151481  0.001848  0.010260  
0.050138  0.277079  0.007376  
0.005344  0.007305  0.002647  
0.106690  0.244594  0.042940  
0.157587  0.015371  0.034659  
0.055817  0.254911  0.004551  
0.001117  0.025946  0.009353  
0.083167  0.234243  0.045400  
0.170966  0.043389  0.061372  
0.082828  0.181487  0.023393  
0.000007  0.052234  0.001523  
0.077572  0.146280  0.061130  
0.164623  0.058669  0.067915  
0.087459  0.155650  0.027673  
0.002100  0.068191  0.000020  
0.057971  0.122804  0.008583  
0.171471  0.081136  0.023051  
0.113199  0.088499  0.015070  
0.005420  0.079260  0.005888  
0.048674  0.069279  0.000189  
0.149779  0.086414  0.002643  
0.116612  0.064076  0.003245  
0.014039  0.079752  0.000448  
0.032284  0.041777  0.026107  
0.146865  0.079234  0.089998  
0.137167  0.032813  0.114228  
0.020655  0.090344  0.027087  
0.021830  0.019989  0.015891  
0.121791  0.103078  0.229866  
0.143278  0.011230  0.384628  
0.034175  0.079511  0.234504  
0.011624  0.006935  0.000585  
0.121714  0.087054  0.299100  
0.163308  0.005971  0.732501  
0.043708  0.125339  0.503449  
0.004939  0.000148  0.040426  
0.101473  0.126670  0.243892  
0.172535  0.000602  0.881613  
0.064350  0.089522  0.890553  
0.001273  0.000522  0.137458  
0.102169  0.103204  0.164535  
0.184855  0.001475  0.927792  
0.074758  0.146350  0.977433  
0.000033  0.012356  0.242834  
0.081761  0.125105  0.087157  
0.192313  0.018256  0.786423  
0.100019  0.081837  1.015792  
0.001196  0.015821  0.255851  
0.076182  0.088805  0.067650  
0.188452  0.020022  0.695571  
0.109223  0.114017  0.819696  
0.006630  0.039006  0.213015  
0.054619  0.085388  0.055116  
0.191274  0.048952  0.585032  
0.134060  0.050232  0.702651  
0.012434  0.041322  0.154092  
0.042745  0.048135  0.078804  
0.172931  0.044927  0.529623  
0.143782  0.062959  0.524888  
0.026926  0.060910  0.084346  
0.024995  0.043828  0.083351  
0.171631  0.072676  0.451582  
0.167385  0.020057  0.408841  
0.038079  0.062667  0.051358  
0.015714  0.015656  0.110546  
0.148162  0.065754  0.376650  
0.175602  0.024594  0.302186  
0.058602  0.069552  0.012122  
0.006956  0.012240  0.106367  
0.145559  0.080100  0.304364  
0.192870  0.002508  0.195113  
0.072088  0.071245  0.003412  
0.002135  0.002068  0.112813  
0.117988  0.060892  0.248575  
0.197529  0.003716  0.111572  
0.099306  0.060687  0.001195  
0.000008  0.001231  0.138591  
0.104808  0.058200  0.160032  
0.201489  0.001206  0.066715  
0.110223  0.065993  0.019012  
0.001294  0.000882  0.122325  
0.088293  0.045164  0.173845  
0.214789  0.001561  0.016253  
0.147503  0.050447  0.032672  
0.007376  0.002093  0.190316  
0.073546  0.044132  0.083874  
0.211214  0.013169  0.007093  
0.155515  0.056721  0.084695  
0.013536  0.010942  0.127218  
0.060981  0.032172  0.093565  
0.224292  0.016420  0.002717  
0.187760  0.031739  0.085645  
0.024020  0.015334  0.171873  
0.046456  0.025716  0.021694  
0.203754  0.034336  0.006580  
0.185716  0.037589  0.132736  
0.032447  0.031332  0.085970  
0.033091  0.018425  0.022319  
0.200493  0.043395  0.034019  
0.205283  0.014564  0.099981  
0.048004  0.037441  0.105167  
0.016194  0.009082  0.000777  
0.153519  0.053496  0.026738  
0.198028  0.013765  0.114240  
0.069488  0.043174  0.039071  
0.004773  0.003849  0.001723  
0.136971  0.051975  0.050593  
0.213838  0.002194  0.073433  
0.100841  0.041770  0.046973  
0.000008  0.000781  0.002889  
0.096942  0.050875  0.039143  
0.218713  0.001549  0.080153  
0.141116  0.040890  0.009158  
0.003859  0.000331  0.003370  
0.087099  0.050348  0.059423  
0.240984  0.001102  0.040340  
0.184748  0.046436  0.007453  
0.016750  0.002156  0.020165  
0.061612  0.053252  0.047456  
0.255579  0.001118  0.044930  
0.241954  0.042845  0.000721  
0.033933  0.007299  0.026708  
0.057506  0.047575  0.060594  
0.284895  0.009652  0.015929  
0.292916  0.041293  0.000893  
0.061077  0.011272  0.037976  
0.040561  0.035008  0.038165  
0.306533  0.009461  0.014932  
0.352808  0.023029  0.008190  
0.078296  0.021201  0.032334  
0.039607  0.022546  0.028521  
0.325488  0.026747  0.001063  
0.383700  0.024177  0.014189  
0.100093  0.030632  0.038697  
0.033505  0.019097  0.015043  
0.342730  0.029401  0.000029  
0.408840  0.010546  0.027750  
0.100217  0.041563  0.034606  
0.032320  0.009554  0.006914  
0.321483  0.045629  0.003075  
0.387644  0.012586  0.031972  
0.105946  0.041044  0.023411  
0.024853  0.006814  0.001709  
0.296586  0.041282  0.008491  
0.348826  0.001420  0.033289  
0.093300  0.044442  0.016999  
0.016546  0.000688  0.000188  
0.218136  0.044092  0.013679  
0.277689  0.001110  0.033177  
0.090611  0.034167  0.004778  
0.005392  0.000138  0.003037  
0.147592  0.037642  0.027012  
0.198928  0.003843  0.023182  
0.081569  0.035264  0.002322  
0.000221  0.007804  0.009997  
0.055868  0.032330  0.028208  
0.120237  0.008395  0.026744  
0.090466  0.028686  0.000026  
0.017006  0.020372  0.013923  
0.006601  0.038295  0.034162  
0.057384  0.030967  0.010330  
0.105745  0.038581  0.000200  
0.091118  0.037179  0.016005  
0.016340  0.034036  0.025712  
0.019463  0.036693  0.010657  
0.160257  0.035143  0.004971  
0.245800  0.050862  0.017505  
0.112650  0.048221  0.018586  
0.002475  0.047055  0.000195  
0.250677  0.047925  0.008755  
0.565012  0.040934  0.020033  
0.328167  0.031353  0.014204  
0.000019  0.037083  0.000167  
0.443111  0.025357  0.022653  
1.038227  0.045209  0.025290  
0.618497  0.029455  0.011296  
0.000590  0.031775  0.002527  
0.745176  0.022033  0.026364  
1.764589  0.024344  0.024205  
0.987478  0.002515  0.010199  
0.000110  0.028078  0.000925  
1.248503  0.000052  0.030830  
2.656990  0.048893  0.023631  
1.351038  0.000030  0.006734  
0.008193  0.040851  0.005875  
1.968397  0.000296  0.033212  
3.774362  0.041493  0.014005  
1.650123  0.019359  0.002568  
0.054279  0.067112  0.004073  
2.931594  0.028951  0.033903  
4.911672  0.137766  0.015978  
1.869170  0.020259  0.001097  
0.165891  0.134614  0.015602  
4.166538  0.012137  0.045675  
6.179706  0.144248  0.008641  
1.913380  0.045877  0.000079  
0.411946  0.196125  0.008306  
5.555169  0.041798  0.044729  
7.194024  0.331751  0.016883  
1.869516  0.016233  0.000166  
0.758035  0.299332  0.017854  
7.117275  0.000849  0.044274  
8.265084  0.270951  0.004388  
1.672212  0.013577  0.000014  
1.322511  0.288113  0.004647  
8.676475  0.006686  0.027761  
8.852298  0.417621  0.004915  
1.425002  0.000102  0.001308  
1.922593  0.312818  0.009867  
10.151967  0.018303  0.014451  
9.433473  0.213617  0.003493  
1.125267  0.001257  0.006658  
2.736713  0.173312  0.006991  
11.482882  0.002188  0.005642  
9.493135  0.241386  0.009288  
0.827591  0.010546  0.033425  
3.457560  0.120940  0.018623  
12.455836  0.046477  0.002826  
9.465528  0.040755  0.042037  
0.563544  0.006489  0.057813  
4.252054  0.013603  0.032830  
13.161877  0.001151  0.004059  
9.069533  0.031743  0.047917  
0.344015  0.001928  0.088492  
4.873820  0.000250  0.046880  
13.408728  0.017299  0.007061  
8.518267  0.016678  0.046576  
0.186044  0.001133  0.088401  
5.319455  0.048484  0.052444  
13.287035  0.014901  0.012413  
7.845779  0.020342  0.035626  
0.085662  0.017477  0.056137  
5.621884  0.073621  0.035275  
12.823006  0.003086  0.017346  
7.007866  0.151470  0.010470  
0.028687  0.046248  0.034394  
5.561832  0.214547  0.024435  
11.969752  0.089367  0.016672  
6.279145  0.132624  0.005639  
0.007610  0.084514  0.004236  
5.445910  0.198151  0.004832  
11.028600  0.042317  0.020894  
5.436145  0.288998  0.001189  
0.000345  0.110074  0.000142  
4.951638  0.351968  0.003098  
9.810947  0.143899  0.018156  
4.849375  0.244538  0.002560  
0.000081  0.115741  0.007799  
4.525542  0.291161  0.000553  
8.740249  0.060088  0.028015  
4.181389  0.379456  0.023243  
0.000064  0.115234  0.013683  
3.833549  0.430737  0.000067  
7.568403  0.128384  0.026491  
3.812939  0.320999  0.021779  
0.001820  0.089902  0.027211  
3.325292  0.344107  0.001925  
6.631071  0.040595  0.044267  
3.354653  0.417663  0.049355  
0.006469  0.076553  0.025649  
2.673685  0.439510  0.001197  
5.716282  0.077327  0.044164  
3.170323  0.342618  0.038851  
0.024741  0.043261  0.026709  
2.235746  0.348850  0.000030  
4.998988  0.012750  0.065660  
2.870187  0.402322  0.059758  
0.048513  0.031033  0.019988  
1.727537  0.400066  0.007270  
4.348864  0.028653  0.061965  
2.794606  0.312439  0.037783  
0.091688  0.008918  0.011876  
1.416321  0.311166  0.004072  
3.826105  0.000070  0.072276  
2.586184  0.345072  0.046620  
0.137241  0.003323  0.005588  
1.061931  0.328284  0.021330  
3.369865  0.002114  0.068210  
2.545609  0.252853  0.022903  
0.194942  0.000551  0.000723  
0.859108  0.254340  0.016537  
2.967854  0.009977  0.063305  
2.372521  0.271415  0.024405  
0.253097  0.003759  0.000056  
0.624780  0.242796  0.036214  
2.622636  0.004393  0.061269  
2.323961  0.182298  0.006053  
0.304611  0.018960  0.002291  
0.490108  0.186946  0.028101  
2.294209  0.037551  0.042152  
2.149500  0.199303  0.005301  
0.367116  0.026160  0.005681  
0.340830  0.161284  0.043487  
2.017348  0.025935  0.038652  
2.079476  0.116527  0.000030  
0.403982  0.049709  0.011827  
0.251769  0.123312  0.032546  
1.729696  0.068912  0.015950  
1.913324  0.121895  0.000259  
0.472168  0.060391  0.022577  
0.154476  0.092101  0.039198  
1.497950  0.056514  0.015329  
1.813283  0.060188  0.006952  
0.495007  0.079869  0.026844  
0.097541  0.066802  0.026768  
1.246983  0.093394  0.003541  
1.656049  0.065054  0.004254  
0.553177  0.080176  0.021220  
0.046235  0.044118  0.022865  
1.052186  0.074067  0.004741  
1.545057  0.023580  0.011180  
0.572072  0.095501  0.026011  
0.018590  0.025320  0.012069  
0.846797  0.106827  0.000685  
1.399894  0.022131  0.019233  
0.628552  0.093812  0.020510  
0.001893  0.009215  0.006054  
0.694039  0.088431  0.000781  
1.290283  0.001337  0.033188  
0.641969  0.105125  0.026642  
0.000809  0.003579  0.004752  
0.542272  0.100001  0.011865  
1.167778  0.003267  0.033085  
0.686295  0.082647  0.012798  
0.012057  0.000279  0.000192  
0.433039  0.080540  0.005351  
1.067150  0.000989  0.021605  
0.691858  0.087538  0.009705  
0.031397  0.000252  0.000021  
0.316211  0.078643  0.012267  
0.955530  0.000174  0.020619  
0.719499  0.056304  0.000020  
0.060691  0.004359  0.002749  
0.238985  0.067369  0.015354  
0.857488  0.012071  0.009147  
0.721154  0.068491  0.000253  
0.098850  0.014498  0.011241  
0.155392  0.056515  0.023377  
0.755266  0.014097  0.015012  
0.723878  0.036461  0.005029  
0.130856  0.026108  0.021836  
0.107866  0.045786  0.024826  
0.652176  0.041051  0.005785  
0.698784  0.049300  0.006477  
0.170359  0.038764  0.027841  
0.064261  0.030235  0.031657  
0.581595  0.035690  0.003520  
0.687641  0.016920  0.014065  
0.194445  0.039351  0.042909  
0.038020  0.019703  0.024149  
0.484171  0.054173  0.003623  
0.652613  0.021546  0.012999  
0.233108  0.048505  0.028612  
0.016919  0.007854  0.031678  
0.426544  0.044892  0.004097  
0.641612  0.003528  0.003916  
0.257654  0.048163  0.017166  
0.004234  0.004047  0.007778  
0.340545  0.056071  0.002317  
0.604454  0.005043  0.000825  
0.297695  0.042321  0.000028  
0.000013  0.000508  0.000274  
0.288334  0.039690  0.001397  
0.577859  0.000141  0.000142  
0.318102  0.045012  0.007360  
0.004443  0.000355  0.034653  
0.215829  0.042368  0.037615  
0.537709  0.000185  0.011986  
0.360936  0.033934  0.014393  
0.017503  0.003088  0.080619  
0.166623  0.043515  0.128277  
0.491994  0.011177  0.061015  
0.383316  0.043596  0.000082  
0.041070  0.012017  0.084687  
0.106764  0.037654  0.205651  
0.441029  0.010045  0.174860  
0.409707  0.034143  0.014866  
0.064004  0.022087  0.032826  
0.072732  0.040937  0.178131  
0.379442  0.037142  0.195628  
0.408791  0.031339  0.085478  
0.092074  0.030548  0.000105  
0.038465  0.029134  0.058506  
0.332161  0.025433  0.151665  
0.401907  0.022057  0.087914  
0.104135  0.041804  0.032415  
0.023200  0.019997  0.000191  
0.280548  0.041811  0.021125  
0.384137  0.014494  0.070464  
0.129082  0.032231  0.073286  
0.008429  0.015151  0.057783  
0.245803  0.031431  0.004775  
0.369891  0.004996  0.004950  
0.139466  0.043060  0.083737  
0.002826  0.003218  0.140017  
0.208092  0.031472  0.120390  
0.357480  0.003281  0.009352  
0.171324  0.031518  0.040705  
0.000002  0.002826  0.242528  
0.179596  0.034137  0.245875  
0.338646  0.000484  0.095111  
0.179859  0.037740  0.021079  
0.001688  0.000453  0.244469  
0.143243  0.022339  0.434410  
0.329531  0.000216  0.175434  
0.217270  0.027201  0.001097  
0.008584  0.001330  0.284802  
0.114782  0.028916  0.498277  
0.304372  0.015327  0.305582  
0.228818  0.026167  0.000376  
0.019736  0.014222  0.248957  
0.085639  0.012375  0.642031  
0.293505  0.012826  0.353333  
0.258666  0.017632  0.003693  
0.034426  0.022139  0.304818  
0.061361  0.022270  0.634155  
0.256566  0.055691  0.391564  
0.261918  0.020215  0.001623  
0.055214  0.050878  0.286182  
0.037758  0.011063  0.715162  
0.240574  0.040178  0.373820  
0.276776  0.018202  0.000556  
0.074725  0.044322  0.346191  
0.020077  0.031481  0.670646  
0.196402  0.066346  0.344817  
0.273279  0.026673  0.000440  
0.103186  0.052254  0.333025  
0.006881  0.011742  0.673872  
0.175025  0.031691  0.296383  
0.275084  0.008235  0.004563  
0.118285  0.027702  0.363189  
0.001467  0.008522  0.591568  
0.138987  0.036021  0.227296  
0.265528  0.000873  0.010768  
0.140352  0.029178  0.357241  
0.000003  0.004617  0.522267  
0.119299  0.018767  0.165516  
0.248714  0.016355  0.024551  
0.145286  0.025292  0.340647  
0.002096  0.022424  0.429998  
0.089912  0.044606  0.098112  
0.244019  0.045795  0.044339  
0.170781  0.060847  0.319208  
0.006122  0.084533  0.314822  
0.074132  0.074904  0.053166  
0.220491  0.101153  0.059547  
0.176754  0.117749  0.296447  
0.018613  0.083901  0.252188  
0.046059  0.179652  0.011225  
0.220983  0.085051  0.096483  
0.216124  0.235324  0.250959  
0.030387  0.082249  0.141079  
0.036699  0.269567  0.001684  
0.193759  0.056302  0.111198  
0.208582  0.307152  0.235004  
0.050127  0.018170  0.093398  
0.014609  0.336237  0.007010  
0.175599  0.003153  0.137117  
0.235986  0.318258  0.150309  
0.067739  0.000201  0.040762  
0.010105  0.279550  0.014751  
0.150508  0.010519  0.145173  
0.213627  0.215322  0.143826  
0.079499  0.051063  0.014546  
0.001403  0.145252  0.038605  
0.117544  0.098054  0.135073  
0.213867  0.069893  0.088850  
0.098381  0.134941  0.006845  
0.000156  0.020741  0.045223  
0.101580  0.170404  0.146569  
0.191875  0.000021  0.075672  
0.094176  0.225504  0.000160  
0.000568  0.022815  0.050391  
0.068307  0.242344  0.114538  
0.168030  0.095150  0.060335  
0.114115  0.215226  0.000197  
0.004622  0.193122  0.079604  
0.059420  0.182458  0.129035  
0.170960  0.345435  0.040697  
0.112438  0.154751  0.005471  
0.006753  0.513932  0.056803  
0.035858  0.119027  0.114078  
0.131853  0.709209  0.039368  
0.130179  0.062486  0.003539  
0.021533  0.833878  0.120111  
0.028128  0.028896  0.100210  
0.153982  1.031263  0.015681  
0.140309  0.007765  0.019319  
0.021070  1.182021  0.061611  
0.015638  0.000838  0.099053  
0.108117  1.322060  0.017348  
0.148595  0.005311  0.020951  
0.048285  1.339453  0.138624  
0.008649  0.020108  0.059215  
0.132309  1.449955  0.000310  
0.166007  0.043696  0.037361  
0.042695  1.538374  0.061270  
0.003704  0.058350  0.060934  
0.085590  1.577011  0.003059  
0.161548  0.090779  0.043673  
0.081246  1.523638  0.124768  
0.000193  0.117787  0.028313  
0.104195  1.576135  0.004513  
0.179886  0.137246  0.037342  
0.071767  1.632010  0.038801  
0.000130  0.141224  0.020936  
0.059537  1.612485  0.000024  
0.166670  0.150047  0.034956  
0.121904  1.544552  0.054133  
0.004687  0.154804  0.001946  
0.070572  1.547694  0.021291  
0.178312  0.145155  0.016276  
0.107178  1.608554  0.004927  
0.007682  0.150749  0.000408  
0.036199  1.580343  0.006854  
0.164892  0.140243  0.029592  
0.162134  1.518559  0.016963  
0.020339  0.128477  0.004801  
0.043359  1.502998  0.047844  
0.166785  0.108147  0.015213  
0.135334  1.538071  0.001362  
0.025463  0.104213  0.002882  
0.016378  1.459209  0.002789  
0.147216  0.079393  0.015046  
0.186727  1.394131  0.008156  
0.045402  0.065557  0.000238  
0.018240  1.361466  0.008045  
0.139297  0.042868  0.000607  
0.159905  1.357829  0.004359  
0.056335  0.037149  0.002305  
0.002747  1.278239  0.006124  
0.125577  0.021915  0.008043  
0.219917  1.236625  0.012303  
0.081168  0.011173  0.010331  
0.003203  1.168061  0.002552  
0.113735  0.003018  0.025599  
0.187275  1.143121  0.057203  
0.091878  0.003073  0.039115  
0.000310  1.081665  0.000085  
0.098994  0.000103  0.004994  
0.221426  1.023413  0.017585  
0.104720  0.002888  0.026068  
0.000171  0.930302  0.026784  
0.074768  0.008349  0.000378  
0.166165  0.896522  0.002961  
0.110156  0.008989  0.007481  
0.006650  0.816799  0.001264  
0.058267  0.021935  0.010419  
0.178034  0.736724  0.025001  
0.119120  0.033139  0.017120  
0.007236  0.689589  0.000180  
0.036738  0.048121  0.004927  
0.137472  0.644589  0.032484  
0.137915  0.057690  0.070949  
0.023448  0.547100  0.080589  
0.026474  0.067229  0.007588  
0.153566  0.495163  0.046530  
0.151963  0.084856  0.150849  
0.026974  0.496368  0.150068  
0.013527  0.114877  0.055100  
0.130389  0.423338  0.001037  
0.179934  0.123871  0.110467  
0.051111  0.341354  0.250410  
0.009263  0.116245  0.158493  
0.138699  0.319724  0.003575  
0.177718  0.144386  0.052451  
0.054542  0.316373  0.166962  
0.002406  0.170316  0.162847  
0.114072  0.239949  0.069817  
0.195645  0.167927  0.001705  
0.078292  0.194935  0.086766  
0.000921  0.154426  0.168479  
0.105497  0.177504  0.079403  
0.169869  0.193399  0.017688  
0.077917  0.165568  0.008701  
0.000173  0.197777  0.060299  
0.082312  0.114726  0.142293  
0.177807  0.190270  0.082280  
0.097253  0.100483  0.008819  
0.000703  0.189731  0.030229  
0.071511  0.084350  0.099320  
0.148494  0.221045  0.146367  
0.094934  0.064806  0.068189  
0.004406  0.205351  0.000337  
0.053105  0.040757  0.094876  
0.151804  0.185284  0.222832  
0.108414  0.031081  0.153264  
0.005806  0.204969  0.009010  
0.040719  0.017602  0.053875  
0.121158  0.230178  0.237994  
0.108644  0.006974  0.232328  
0.015793  0.203005  0.066337  
0.024175  0.001200  0.040352  
0.116077  0.196861  0.284262  
0.119674  0.000608  0.348702  
0.022514  0.226721  0.078992  
0.009912  0.000609  0.020519  
0.080212  0.244412  0.305426  
0.120308  0.003422  0.364247  
0.043223  0.185758  0.154349  
0.002655  0.009505  0.025317  
0.075584  0.169518  0.338522  
0.131950  0.008395  0.473237  
0.057309  0.182320  0.124227  
0.000038  0.018823  0.021610  
0.054443  0.177525  0.356737  
0.148292  0.033555  0.459107  
0.089726  0.122057  0.162817  
0.001496  0.043424  0.021882  
0.056508  0.094471  0.418418  
0.163529  0.046538  0.522405  
0.105167  0.117868  0.159408  
0.006479  0.060896  0.035413  
0.048090  0.102365  0.393291  
0.192381  0.093416  0.526862  
0.142949  0.064725  0.142373  
0.010429  0.092624  0.026393  
0.047661  0.039613  0.462236  
0.188720  0.095168  0.491973  
0.150204  0.055232  0.129351  
0.018084  0.097603  0.065805  
0.040242  0.041287  0.409503  
0.208627  0.133575  0.451702  
0.175222  0.020135  0.077938  
0.022373  0.127012  0.053169  
0.035167  0.009602  0.434659  
0.184173  0.126403  0.370750  
0.171455  0.018637  0.054395  
0.032225  0.122312  0.107049  
0.025114  0.013946  0.379939  
0.181103  0.140803  0.274008  
0.173862  0.004142  0.016397  
0.033035  0.132998  0.110186  
0.016597  0.001135  0.367160  
0.141120  0.108736  0.219566  
0.155330  0.003372  0.002186  
0.041858  0.094730  0.175329  
0.007625  0.001996  0.342944  
0.114108  0.095974  0.125000  
0.140066  0.000213  0.002209  
0.041005  0.098141  0.185105  
0.002028  0.003488  0.283231  
0.076687  0.069970  0.103803  
0.121113  0.004548  0.011297  
0.055390  0.060054  0.199618  
0.000084  0.006878  0.245284  
0.048594  0.059147  0.031810  
0.104001  0.017233  0.032905  
0.064084  0.073811  0.214720  
0.006631  0.025859  0.163435  
0.022414  0.054200  0.017589  
0.100836  0.033302  0.075415  
0.099706  0.045614  0.229691  
0.025372  0.031875  0.152944  
0.007312  0.042788  0.000136  
0.091749  0.038726  0.110970  
0.133273  0.056968  0.248355  
0.063621  0.041364  0.091703  
0.000585  0.035488  0.000176  
0.104903  0.052449  0.144012  
0.199799  0.024323  0.211623  
0.112736  0.043803  0.080083  
0.000673  0.018030  0.013566  
0.110083  0.044831  0.134115  
0.265763  0.022680  0.172381  
0.174747  0.041824  0.021786  
0.002879  0.008802  0.018274  
0.150013  0.057443  0.140812  
0.366995  0.002516  0.115304  
0.226567  0.060909  0.010041  
0.002994  0.000767  0.051787  
0.189980  0.063324  0.143507  
0.461095  0.001956  0.095464  
0.272866  0.061679  0.000754  
0.000779  0.000014  0.073261  
0.271704  0.082857  0.135326  
